37349.922654 111.542907 14.888360 
3896.182339 99.410913 20.676250 
12488.500129 117.514081 17.171271 
7932.077380 45.799620 15.134233 
39275.081035 38.431628 23.918865 
10249.860487 89.824854 14.541084 
35066.744921 77.234617 19.239518 
36789.997191 67.817541 15.671100 
2453.301474 73.141114 17.486230 
13920.672461 112.886117 17.138740 
14336.427579 72.274938 16.443691 
28724.933493 47.236311 20.304914 
47706.596232 20.071360 17.626598 
47775.846325 29.117963 25.292911 
7210.106641 39.249330 17.948112 
47264.260766 77.588312 17.904976 
17085.528895 74.884129 18.479543 
2249.685778 84.482931 18.267115 
38134.400999 68.526601 21.246513 
38249.847882 87.702592 20.856910 
40800.183670 104.195036 15.551449 
46226.762503 73.166499 19.397035 
26069.737058 73.823029 19.453909 
34266.704815 100.498717 18.824891 
39618.538377 58.382526 19.130775 
9093.280116 47.641791 17.108679 
16153.976910 69.222549 13.251448 
14160.125134 41.243046 14.630438 
16622.558201 107.652128 18.079057 
5279.007593 86.475796 16.931885 
22937.158392 81.960056 18.238189 
25507.658736 73.448535 18.434088 
8126.375151 44.283336 22.066675 
20865.813442 44.199801 22.140960 
17971.333856 56.016538 16.577744 
22536.042417 78.345798 20.897333 
27907.745926 50.958671 19.962355 
37491.028665 41.527928 17.747394 
11888.413718 61.201180 17.772299 
12155.525994 87.442862 16.246496 
15886.219675 84.543536 17.674247 
1950.267212 66.227994 18.600444 
46319.917995 103.962316 14.645909 
6102.139513 104.362530 13.729124 
42505.903049 80.655768 16.423295 
4495.896114 108.103243 20.863157 
259.271504 24.483865 17.883565 
18217.119037 118.411288 10.639267 
44075.794030 61.205561 19.428740 
46780.770670 39.384081 16.277557 
9743.854683 94.642393 12.226864 
12863.837060 92.415372 17.784793 
33091.794454 40.344677 13.574189 
49787.545129 53.739326 16.738408 
33216.584314 45.902818 20.070670 
37981.679337 111.817807 20.189025 
12356.387274 54.884582 12.469589 
11234.640701 39.608758 13.987293 
33862.864967 114.093916 20.944464 
11713.098092 16.797807 16.157611 
17442.982547 109.672318 16.211180 
30522.717195 55.677212 15.600172 
21488.534910 73.608461 17.521401 
4481.106164 31.567805 16.735448 
19536.514289 30.614072 14.762040 
34157.374420 26.175854 18.058908 
9652.796338 81.767066 16.486078 
44632.817146 33.137523 18.545323 
38694.731312 106.642035 17.903692 
8894.892907 61.710418 21.631762 
29129.523132 50.954160 22.709729 
30961.090646 36.398610 20.990980 
38923.590257 27.709119 18.548759 
19812.692989 54.104225 14.953972 
25733.461103 50.590475 17.592474 
12567.972029 91.319651 21.542740 
42873.226303 52.808234 19.083635 
37880.947087 22.574403 19.931763 
17775.035640 39.781227 13.430575 
34174.664060 79.200379 25.329763 
34629.439473 63.213405 21.099708 
3114.415394 90.506262 17.968145 
28885.363606 94.982390 17.827258 
41677.498886 81.277161 18.888371 
11617.587658 80.197491 17.020507 
34397.273762 61.308782 15.883170 
9810.515456 106.311695 16.445954 
15236.594751 114.584195 18.680487 
12076.989256 96.815757 19.216915 
17299.485935 56.625022 16.166650 
967.912542 42.585611 15.731931 
13901.846111 51.756995 15.478031 
11149.201157 45.511931 14.743311 
39442.522651 59.086509 17.918279 
10795.250886 26.180767 17.878135 
32512.167305 107.692040 13.884470 
30101.698467 58.367332 16.433109 
32760.183862 40.288344 13.192597 
45482.751127 94.446906 18.916639 
32844.465762 43.521657 16.588620 
49195.832778 87.883820 17.431092 
27371.867723 111.296383 15.523562 
22598.310597 87.271495 11.461078 
42126.141672 108.212375 23.275980 
261.095824 69.362357 17.725346 
24698.953314 95.281623 17.751035 
18482.747094 26.346950 25.677884 
41886.665806 107.810425 18.067603 
15592.363894 32.128075 21.322375 
38532.562849 51.793345 19.083817 
49339.862628 90.363946 19.173010 
13367.540227 42.996666 16.198743 
20980.609006 43.562234 14.496986 
11504.178526 49.763543 16.683284 
19572.971739 42.356851 19.763269 
36598.015994 62.739579 17.588545 
30343.187675 107.939643 18.138150 
44726.839907 46.720501 21.711184 
29419.746370 84.648824 18.191659 
48502.823628 32.272218 15.575424 
29795.687618 99.854284 16.735545 
24244.115931 98.098518 13.809596 
30801.649602 55.878606 14.475401 
22445.165752 40.882252 16.956068 
42603.343029 110.524082 17.050881 
43185.685481 33.902887 19.104677 
24810.404896 89.520570 16.941617 
3610.174633 84.106524 17.781609 
42076.225376 68.501361 21.107665 
40986.389294 27.147502 21.942331 
40630.959750 53.560758 16.868982 
8170.676901 43.838983 19.353618 
29945.281103 59.132816 16.784212 
14927.636168 115.269185 20.017906 
40894.903691 31.936622 13.589132 
6994.081271 93.113784 19.108812 
2301.345777 31.134636 24.006982 
24775.432831 40.738183 13.948237 
21765.756165 50.272456 21.130976 
38570.299858 17.184517 15.765713 
16074.844978 90.247205 15.777790 
22506.390437 104.567725 15.479038 
17732.041835 27.707617 13.817773 
32640.689315 38.657624 19.283548 
36313.391714 85.929976 22.021907 
28982.966772 90.385103 14.751131 
3661.477711 54.668579 18.851239 
33127.902016 93.290828 17.389220 
48798.622273 87.789901 15.451551 
14119.538326 54.074492 19.947973 
14608.697569 32.155777 14.801338 
5608.771023 73.192496 19.557003 
10898.039246 91.747606 19.718892 
18842.472356 107.124088 20.867262 
37147.442060 75.907621 22.720591 
28223.929499 38.077195 16.440456 
8748.486579 60.176705 12.740499 
28279.740727 28.403885 16.453790 
27647.972666 79.345115 17.182090 
9869.515231 74.638439 17.504591 
36070.425774 86.610525 20.764979 
10568.186677 58.319688 17.306774 
23888.467512 32.877568 17.567793 
16506.673118 102.544039 17.344483 
2054.986336 107.159505 19.937422 
37003.333509 77.218268 19.301750 
1873.969110 116.071056 14.515830 
42006.659523 84.508278 20.021551 
19418.288498 96.196971 19.066637 
26550.273519 96.055691 17.715943 
25891.761575 61.428907 16.649724 
16300.740796 86.216832 15.127246 
47068.059094 111.617023 13.677679 
7507.303464 52.918653 17.708283 
37521.947850 63.456498 16.477652 
26166.482573 112.240864 19.584428 
2998.787031 43.564065 16.807370 
14497.966074 28.495431 19.744557 
26441.352766 90.682085 16.164094 
15841.988827 33.957681 18.594918 
1622.050854 108.196236 13.891134 
29809.668759 29.051775 14.868866 
4133.459429 48.894030 18.828098 
35895.850817 103.098205 21.895023 
23459.687867 25.313362 16.902480 
22971.871799 114.855146 15.217230 
18622.064046 109.977409 23.210350 
42438.779270 37.076897 19.536231 
35790.122556 43.918288 18.227595 
28962.563689 64.558935 16.950182 
20019.749748 77.916288 14.173046 
322.843961 100.535073 17.082118 
16211.055839 27.876881 17.264788 
48288.547699 21.233267 17.308413 
46072.393742 114.644213 16.576520 
15177.779464 80.673834 19.980787 
19655.231458 107.821020 17.580209 
2867.274014 76.836251 15.216641 
15648.439863 40.534161 14.380863 
5724.026067 60.268239 18.565978 
8496.744492 61.906718 18.333501 
32483.807949 69.289798 16.431122 
43974.494131 105.853406 17.773032 
42768.154097 29.960306 19.571192 
13369.678379 109.361183 24.986060 
32926.775678 64.063559 19.954138 
28733.318467 106.462150 19.500418 
45267.485112 79.216239 17.200247 
24435.233538 104.525186 19.313333 
15472.609042 17.520177 14.049666 
12535.736906 52.199236 18.124456 
7654.456932 78.948138 23.764340 
39552.733249 63.574464 19.393975 
30905.024912 26.793740 18.654693 
4538.656718 110.664661 17.279777 
23196.420964 94.482511 16.944218 
36212.697108 56.593342 21.426245 
1016.205424 76.780943 17.674546 
14835.268646 22.087138 18.503766 
39714.958390 64.480488 16.026746 
2496.970135 38.421630 16.656902 
11775.380525 111.838103 20.691451 
22000.736559 100.176326 17.617789 
43240.036899 80.798589 15.114920 
20893.713811 85.751407 22.886558 
39048.683950 22.809649 17.251104 
12894.408551 69.464145 15.637397 
29090.676130 31.277636 16.051117 
8609.102146 84.140882 15.677877 
31110.964502 58.504540 18.135494 
11717.773010 96.105522 13.712601 
33940.420960 99.048241 19.723014 
36833.703750 91.209113 16.831856 
34446.799775 89.595033 18.899667 
6635.201963 89.490769 17.892308 
36433.163559 29.843211 13.317334 
25111.592109 106.937834 18.524371 
38635.987172 76.533140 15.155426 
30243.977684 21.965317 17.848768 
13611.290283 34.032005 17.219331 
11803.416964 47.436014 16.920477 
44020.637843 86.726991 17.873196 
20249.547188 77.081537 14.582237 
11464.840262 68.612269 15.526742 
40796.844334 38.794117 15.514916 
47943.449128 14.008524 13.866065 
26955.046368 23.409991 20.736846 
45689.039329 61.716995 19.850963 
41317.468163 16.609498 16.531309 
44058.376500 108.863291 16.639668 
35997.323267 44.540791 17.356842 
19264.870742 84.608059 21.433499 
33634.690036 60.874649 18.323985 
35010.400594 31.783845 19.309178 
21047.491215 102.867848 14.720438 
14873.919541 94.049339 16.701653 
32242.276072 83.479970 16.841031 
2635.155536 44.598768 15.513119 
23226.112498 39.372226 16.475365 
17779.682649 94.538892 18.801855 
10729.892004 95.511484 19.194355 
40583.745464 74.048244 20.948297 
46142.290425 23.356637 16.210519 
46195.784303 38.094079 19.613359 
2527.574313 77.727265 18.044067 
20793.872151 52.194458 21.571175 
16984.300491 21.611507 19.672956 
15931.053338 72.422011 15.346481 
46633.354389 114.255564 16.770115 
49174.695088 52.259100 17.968761 
14557.273416 76.171338 23.708105 
17060.732430 34.938311 18.277847 
39085.230308 81.619071 19.636820 
9711.808012 67.327303 13.010305 
41801.086381 39.333084 14.796915 
29638.753558 107.207071 22.945777 
33316.912487 95.666108 10.266781 
30839.846576 37.197948 15.128580 
5398.762551 107.416968 18.191641 
37056.953488 43.727976 17.338932 
49284.683642 23.546085 23.345016 
48366.519162 116.662873 18.106221 
8545.499274 95.619476 17.242247 
2071.692067 33.224182 20.542379 
47489.536416 68.332454 17.723459 
33520.498268 114.324878 15.857983 
33637.702409 105.045069 16.175811 
31198.621874 97.840721 16.951458 
38003.539963 29.620641 15.214074 
372.768381 62.000814 23.612296 
13312.869892 64.898892 20.907391 
18005.280891 29.079719 20.412131 
48402.842001 75.952377 22.767696 
4650.022735 101.032894 16.617300 
4373.235891 96.135555 25.068186 
21399.732745 74.718315 17.337353 
48571.732850 47.395337 16.790910 
26859.973898 39.368074 17.895199 
11676.724358 102.960550 20.126618 
14021.315855 92.649480 15.679081 
47717.318735 103.367307 17.345559 
48995.985896 68.163834 21.284821 
13029.927661 75.928336 18.191853 
11622.284522 38.166371 15.556570 
32603.777415 67.677799 16.835774 
32195.941738 115.445321 16.139832 
37803.927212 63.587289 20.386536 
36362.766437 94.898811 21.215662 
21324.026301 30.947646 17.039312 
15110.918256 109.257314 22.483099 
39929.412769 17.948040 15.167247 
1300.947275 48.364164 20.712074 
5804.071880 103.110794 18.565143 
29580.973164 81.307838 16.026316 
4256.357351 78.498330 15.853887 
14039.593639 24.807565 15.355043 
26403.029731 40.230587 13.777648 
36618.990083 97.353924 17.114181 
1581.493379 105.775441 19.587689 
11999.935530 21.914383 19.678633 
28083.705310 47.388059 15.343147 
46768.318446 105.142549 20.191598 
9997.108847 34.803862 19.730435 
23577.498827 56.407478 20.777046 
24119.756231 57.956773 14.016976 
15539.021425 91.413951 16.180824 
21228.969506 44.030692 23.177436 
15263.282579 58.024196 19.128145 
41891.842455 51.240591 21.339311 
15358.661438 74.633071 17.150372 
34104.449096 118.304958 15.515961 
15428.927590 68.514209 19.100457 
8339.546373 62.515374 19.308918 
197.838852 120.186295 11.760088 
48209.522019 109.368975 19.980391 
12694.953901 84.967225 16.069740 
22361.558225 74.017517 14.824759 
19849.445269 61.170946 19.840512 
32056.274047 106.049637 19.274263 
9405.728862 37.621274 18.965719 
31371.914870 65.043003 14.340272 
21888.071892 56.199217 17.625418 
36922.106845 81.181482 16.039310 
6898.375718 81.803935 19.297303 
13125.075056 65.152535 15.510842 
15555.992152 59.484085 18.111217 
16556.192092 36.033463 15.964863 
41139.511514 59.279323 16.629340 
5021.714953 68.831163 17.821535 
33760.219876 53.466895 17.956895 
43518.791076 91.680446 14.281237 
26284.470564 92.076550 19.949302 
1277.884907 106.408740 17.913535 
7816.945756 71.948942 22.627407 
11938.886842 58.034194 16.075340 
18851.496637 42.647487 18.210269 
6280.705970 47.843017 19.802457 
7749.328716 16.491158 11.231772 
22130.346619 29.434915 22.379434 
13842.627372 31.256678 17.451787 
4817.627516 34.153230 18.503672 
40317.666135 45.098502 19.407757 
15475.534544 52.024773 15.990713 
40921.569485 117.551939 17.580523 
6492.652971 83.474293 15.070645 
44210.258110 39.417443 18.256284 
10330.782149 61.458603 16.434212 
38738.783117 105.824408 16.338312 
29689.388795 23.075777 17.307238 
33454.980505 63.102697 21.690768 
25300.458252 96.980451 16.786455 
42234.623862 90.545984 20.735931 
8035.520605 78.153893 17.556327 
39586.196313 105.521858 22.383890 
25561.257754 58.289146 14.884998 
46859.738076 110.745179 19.085787 
25000.937075 111.608859 18.510302 
37510.353070 100.234634 17.507120 
34899.952377 55.976359 21.585311 
10048.920888 112.641794 21.410056 
45132.443032 46.174344 18.307746 
45212.792490 98.942341 21.280695 
14899.348702 63.440650 17.803635 
38058.341383 104.689476 17.769935 
15772.155664 91.328933 17.739818 
39169.898815 68.960187 19.618271 
23161.549624 75.832398 16.252233 
49025.642324 102.439773 17.631825 
46066.198633 77.576838 14.348430 
27167.106513 54.766299 21.514766 
47964.603924 83.222817 16.786495 
26599.317308 44.216763 13.946937 
45045.095871 26.200291 15.750601 
16728.775615 53.298986 23.259442 
21012.004016 99.269329 20.071496 
33493.038957 92.964854 16.637392 
19197.614979 30.251247 17.799884 
40640.638506 90.488902 20.108713 
46511.908145 56.684889 13.301540 
8854.028568 95.034674 17.930779 
27851.185839 101.782491 17.625996 
47645.749842 56.425820 21.397787 
42739.740672 72.544353 22.814612 
1153.608013 53.640637 23.534913 
18427.761176 38.100534 19.944127 
4340.924629 49.173855 15.808369 
47236.416385 45.651452 22.845480 
27243.405847 27.726496 22.658208 
11017.523881 98.103863 21.283845 
7566.018476 86.321026 20.825456 
41965.602376 47.114646 10.275318 
25951.007608 80.570106 14.194213 
20097.847993 110.302817 19.957534 
31065.524595 50.281448 12.956008 
38188.881076 37.396655 17.480427 
16250.065549 28.620477 18.222629 
44131.755681 111.427849 18.566979 
43023.629152 46.393924 18.102471 
29346.440864 94.862033 15.301686 
37602.090782 17.592916 13.927809 
5813.802209 43.597626 16.649514 
5981.900405 16.205359 14.058490 
4576.355362 80.718486 16.033671 
48231.798977 61.467515 14.477607 
25016.016739 30.681235 17.225420 
47370.184612 108.945575 17.353392 
47430.815949 70.056230 18.233108 
4604.574137 40.245552 16.923240 
26586.936987 77.669252 20.111589 
39364.372440 111.810193 18.753772 
38737.130433 38.169274 13.664262 
46914.845687 95.460647 14.638862 
45741.833023 35.077158 18.267469 
5971.694960 71.771809 17.146297 
21996.467132 56.942682 19.812460 
41061.248740 64.047876 15.299083 
31551.271109 26.978873 22.544879 
5164.377173 110.879217 19.867040 
33973.524745 21.944486 16.948044 
28689.184473 78.025971 11.914373 
46335.143366 34.434104 20.409563 
2414.692133 115.478071 18.892147 
1466.150507 53.902373 17.924129 
25154.240987 45.723076 21.796074 
13205.449880 21.906231 15.168135 
86.991003 94.225757 17.882650 
582.707355 25.887025 13.886628 
35983.989128 101.294157 18.839126 
9574.813968 100.526911 17.261438 
10763.680939 56.940341 17.157360 
27338.678731 64.375922 17.395359 
46289.893431 45.803088 15.134201 
12434.703262 58.074675 20.605959 
3849.141383 31.579513 19.219061 
15720.170708 48.102518 13.802257 
42128.326581 23.291691 17.719930 
15250.815823 16.566999 16.313866 
48730.268729 45.852097 19.528362 
22115.582632 115.109329 18.287942 
14320.933129 115.116999 16.196708 
49460.044185 67.867789 15.378414 
37240.108827 99.132082 17.119995 
830.892546 56.032473 13.722982 
18453.637108 86.462659 16.500084 
48831.501973 114.522036 19.725249 
28330.225661 52.515184 18.886883 
47197.653812 68.521455 18.739683 
11064.235999 53.370554 15.873427 
7056.371793 81.807494 15.905226 
33409.821810 21.521951 19.758939 
13649.512947 52.065428 15.991985 
4178.492998 28.172375 21.529910 
11401.446582 48.338353 17.469735 
46983.255310 77.642035 23.582650 
4788.573193 110.496028 19.560080 
19657.874293 42.643881 15.094761 
13968.851613 33.858262 18.647052 
26650.657982 45.205735 15.896729 
49837.992214 64.605989 12.025383 
29770.891678 86.720221 10.171169 
18212.964058 28.425327 22.572537 
1603.580011 63.660619 19.434501 
13532.932940 114.566668 18.159257 
32968.155662 85.147603 19.815042 
18137.664245 52.976522 24.083483 
16407.359298 44.637471 17.522818 
1726.201539 45.733725 17.604391 
12627.481313 29.962974 17.077789 
48623.820086 27.757480 14.245562 
21809.065930 26.214944 15.466889 
41704.445599 20.014016 19.736353 
26686.840333 104.819751 16.267544 
49744.080506 108.689631 18.287592 
41497.809184 35.973753 12.755478 
9168.696739 116.124130 16.682367 
41310.087447 91.920616 22.358964 
10437.802044 86.671133 23.433442 
6500.591524 42.956048 15.132052 
9704.829846 104.205778 18.586797 
14452.715767 47.731142 17.776303 
14375.831798 25.040520 17.733225 
22729.689460 27.084974 19.039849 
48505.556673 112.035328 22.649163 
49388.240951 34.572288 15.718771 
16369.449635 66.806453 20.405644 
23150.044094 113.776885 18.484057 
39811.770044 38.685261 19.432510 
5379.334186 28.164278 15.679297 
42337.960321 95.198360 16.090741 
15936.471831 25.577994 20.345219 
48082.784112 40.732757 23.020775 
48037.667223 46.493522 18.088173 
25688.575062 23.948442 20.247282 
35274.550974 98.937037 14.654479 
18793.671912 25.923062 18.307939 
31274.581497 100.021927 17.248674 
9904.790778 113.558566 14.290204 
22218.202227 75.462264 18.355456 
5502.112133 75.944098 16.191151 
42774.130330 104.770788 18.448181 
32112.297966 79.547055 14.224703 
26891.098512 95.793304 18.992931 
17145.484929 96.047253 20.924640 
31929.939953 120.123749 12.461133 
34832.434144 118.692138 16.137392 
45079.297108 81.265347 15.356147 
35427.037848 21.581856 17.866438 
2927.456473 58.132566 16.321368 
30112.386408 116.723903 14.090683 
21674.557591 73.666690 18.152755 
17371.568199 109.772479 23.584164 
24624.425715 55.817946 20.167466 
32440.872755 99.526421 21.644603 
42973.727458 46.477059 17.259129 
19370.469626 112.519341 15.195555 
49418.630592 102.419714 18.310794 
20847.300032 89.430045 21.405647 
26128.926755 27.697703 15.226719 
20047.409275 34.830543 20.516165 
40054.991930 45.333623 13.641933 
7325.059422 30.984905 18.689942 
23349.943540 121.949652 12.370217 
5846.907815 89.954204 14.269539 
25203.877741 59.189191 19.934167 
48927.893845 66.164237 22.885185 
47952.977941 49.051662 16.439053 
16639.566133 73.864330 18.243692 
11693.855045 59.307670 18.648932 
27161.343130 89.304881 12.998926 
47331.869731 23.270284 13.222018 
30826.900745 96.119896 19.036761 
18013.398029 77.043565 21.980527 
31754.123179 52.400653 17.416190 
17505.112233 109.844598 20.544006 
40126.034080 34.202719 20.003184 
14215.836601 25.854263 17.713070 
4088.207642 60.858607 21.152975 
28062.703149 88.391571 15.628895 
49065.171346 21.515179 19.227201 
3447.255612 23.774234 14.072094 
35477.738952 74.316072 15.024824 
1205.053955 116.022593 18.552224 
40664.663761 18.310295 16.096025 
32797.934753 28.885418 16.521012 
33358.655348 94.821910 21.467968 
4721.098827 76.561072 21.371095 
31351.201153 25.976348 15.186490 
48859.410203 59.862371 17.686164 
6950.427983 99.101641 15.432765 
5906.000545 65.202128 22.659223 
43820.841156 73.192963 18.893330 
2257.706914 18.129412 16.352049 
5462.466347 72.690745 16.133727 
38876.939904 102.358900 18.752407 
35299.921948 24.357761 16.670603 
14753.265268 112.542393 18.844596 
48672.040652 19.784144 18.136005 
26500.669096 61.184010 20.355173 
20138.026344 15.724301 14.446228 
38286.995599 60.164101 8.627866 
47112.308782 87.141597 18.901188 
31939.149361 66.403670 17.538836 
26191.223324 40.165885 14.894778 
49248.815212 68.827605 14.879356 
14251.023993 75.950749 17.014155 
28410.758149 93.651097 12.733050 
25628.207581 24.469635 17.120411 
47185.387685 34.726749 16.938204 
33048.016618 42.502564 20.825768 
28237.209701 92.947872 20.924296 
48184.672205 41.507410 18.593237 
8994.100953 110.038472 20.133903 
22852.850593 115.879339 14.384983 
44596.235390 78.516772 15.936370 
44643.278221 69.937440 14.760663 
7589.875259 39.227378 19.910557 
48754.899318 16.731323 14.676201 
24093.697249 79.214396 15.797339 
4373.365965 33.458013 18.982653 
29040.939862 115.809417 16.489745 
36277.801869 47.307339 20.359958 
22884.662540 98.058592 17.353820 
34730.940572 79.523161 20.564523 
18344.011275 75.891741 19.663044 
8787.444997 104.265760 18.664265 
8415.469382 51.728359 17.929475 
40324.429493 90.433755 17.714908 
19703.640841 66.668401 14.862678 
46439.330650 23.730009 15.470214 
9544.136012 43.871612 16.118443 
41719.154091 68.898721 17.148511 
11434.352086 56.161847 16.006366 
39035.506045 100.026190 19.242165 
2215.405011 90.055784 16.125611 
49545.061637 103.334667 20.016022 
10282.743227 102.192101 17.806208 
27786.005525 110.311031 15.955021 
13719.411867 30.681593 10.762544 
15755.256781 29.119053 14.384120 
5271.852001 50.877274 19.255606 
30163.542827 66.385523 21.307487 
19205.990226 92.695750 19.928492 
14671.721952 57.780952 19.976571 
42274.967197 88.042115 15.325411 
4737.074372 116.355237 18.705251 
22843.274077 36.030379 21.403250 
41339.298193 52.068727 18.186555 
38859.545076 48.600359 19.300694 
37818.148009 24.174131 17.746587 
5336.734548 42.494877 14.940623 
7395.451073 29.464294 15.616599 
30646.863407 22.152177 18.080249 
4967.254792 67.511130 17.767116 
47552.150932 107.709367 18.103261 
47404.166822 110.411084 14.919401 
30559.130975 48.548888 18.020987 
41257.739800 37.586072 17.921854 
36753.426938 49.948742 18.942575 
35261.292661 51.442518 20.657155 
32170.333179 33.786695 21.402387 
46221.482830 118.918302 15.997444 
34890.617820 18.952536 14.124241 
32612.500777 117.320518 16.079105 
47931.796851 113.769345 17.997977 
43122.094317 63.281446 20.135663 
17117.655787 54.118437 17.404246 
44943.599465 64.562835 19.991534 
7754.159143 114.434234 20.014063 
22051.785567 32.541606 20.073142 
6202.878322 42.726883 20.306590 
44904.872725 108.516709 18.113856 
13260.724001 44.817065 18.908151 
25350.113931 37.912489 19.265617 
42915.761044 113.246262 17.863913 
46007.160369 88.061256 19.110018 
47896.134613 81.028543 20.643854 
31646.617705 22.568982 16.538540 
36171.249485 56.057283 19.605076 
2286.086849 111.230319 14.390577 
13698.519088 112.744525 17.518278 
32679.296290 67.731366 19.932275 
5695.012440 101.844553 22.773939 
13600.892469 113.251242 20.890841 
27395.401139 27.967135 18.350277 
22419.408763 111.645111 17.856777 
19347.839893 40.621932 19.911477 
37620.163286 52.658752 16.492838 
36579.530378 13.965483 12.440620 
720.826300 81.199593 15.510655 
23495.342377 77.295988 17.430926 
42434.129197 78.047599 19.162265 
3561.097668 53.798338 17.497871 
19846.208724 102.451270 19.434527 
5889.680171 107.905231 20.341897 
6090.505260 30.608440 20.215370 
43387.839939 78.036017 19.109655 
17658.703506 22.083208 17.906402 
36853.799893 58.925364 20.034744 
7026.396205 29.080893 19.941238 
2141.325314 93.282013 12.917468 
5903.920043 21.932738 14.773638 
27405.605572 65.316531 12.296182 
29171.227555 101.154242 20.357908 
37096.829843 17.834603 16.466267 
24189.761507 88.968095 18.890918 
43421.030027 21.482336 16.698412 
727.723164 29.643191 14.173686 
24857.899325 34.777799 17.976976 
15066.064316 50.000921 16.309190 
3760.653614 58.053552 14.538085 
17885.210062 72.596322 17.748594 
6608.981913 37.087483 15.697460 
36425.095775 82.055401 16.727566 
40022.143578 49.267787 15.990809 
3846.748851 111.162974 19.011206 
42912.915563 55.829462 15.292855 
13693.838553 66.024809 19.272779 
28298.407001 111.241908 14.752527 
32878.899776 74.652580 19.164697 
43177.649456 80.345779 14.024344 
49611.924490 113.020847 20.441504 
6469.365985 45.824841 11.916670 
38370.971676 46.835444 18.540670 
28191.548172 90.366001 14.446196 
38219.426299 54.515477 15.542876 
1396.120134 110.439882 21.074674 
6837.573270 26.455639 15.208640 
1844.561009 53.551847 15.788998 
25701.044522 85.156157 18.413361 
33807.935015 72.869204 17.269866 
10411.792282 47.995070 19.123086 
9762.167154 118.588053 15.669184 
12130.634691 36.947838 14.934886 
4166.918329 66.825945 17.592837 
38423.420756 39.648005 18.019484 
19445.675891 49.854305 15.175411 
10288.472421 47.678420 20.762208 
49904.532739 37.234594 19.652841 
31690.153367 80.247330 15.081418 
7179.644640 24.760748 15.261034 
31334.029368 65.459660 21.497677 
33780.295403 24.866848 16.458497 
23171.945341 33.478253 17.737086 
911.272061 66.509014 18.274861 
38800.457715 46.173347 18.918026 
29525.385683 89.283039 19.360779 
5627.769636 17.507656 16.965974 
27241.579144 91.807813 19.384205 
36878.900305 21.936846 19.915200 
3156.964887 95.745374 14.789481 
43652.382817 38.330322 18.248563 
7324.986739 116.942712 15.670635 
39658.183061 97.777622 18.321236 
153.862272 57.482677 18.932356 
46484.283979 24.908945 15.860125 
17176.076383 61.429219 19.356870 
49691.168424 57.398163 17.692643 
25532.144888 29.552622 18.112408 
18658.947767 47.294722 23.780168 
235.859661 111.458347 14.024404 
10033.315483 75.900629 14.942639 
1409.455861 55.307139 21.725578 
39190.634547 29.652137 16.988130 
3521.437095 117.238066 17.647951 
38309.458613 22.599920 16.434297 
39984.195518 80.518301 11.324255 
35461.169808 34.412135 17.928437 
31710.306301 108.841142 17.415585 
27671.204181 51.831927 17.793236 
33693.081717 76.880456 18.936557 
25996.399181 71.541370 14.774677 
26205.755442 83.866198 16.716467 
10169.464121 81.417226 19.651415 
20473.069731 54.791454 20.009817 
35345.306696 58.116376 15.673552 
24969.399612 82.758562 22.268380 
27604.753926 60.199921 14.411291 
3429.896311 60.945142 14.383655 
41454.016128 58.267382 18.056511 
3094.993080 23.440752 18.652544 
12065.932117 43.492458 19.956755 
13833.880042 105.851047 14.546670 
10686.500431 45.183466 18.974333 
12483.228045 39.012504 17.799853 
2017.820752 77.163827 18.314659 
30398.244922 58.617068 14.784316 
40166.452371 69.314236 15.685865 
14979.353938 92.979815 20.016663 
32978.132569 23.377704 22.355908 
857.702967 32.044059 14.399487 
29666.187761 67.065597 17.961446 
30935.939164 100.210850 17.602050 
7108.506195 109.731539 17.221027 
17564.156156 73.475163 19.295175 
12789.414875 101.095148 16.988173 
27428.749396 96.742501 16.521147 
39340.708812 21.989043 17.330051 
35927.758151 77.071255 16.598398 
6029.851654 32.946666 20.488552 
19924.511346 54.630732 17.128549 
8653.173487 22.871975 13.595039 
24310.813202 92.664222 15.781488 
34582.746713 101.018472 19.702172 
10381.361541 95.419316 19.270608 
45440.199617 117.281212 15.629973 
2806.722881 105.912310 19.783462 
45917.402170 30.452198 15.195852 
796.693549 105.387160 16.662797 
38548.361825 103.329653 18.031686 
34099.457434 82.121293 16.586724 
19048.792116 93.073409 20.607384 
24120.417449 114.557352 17.996941 
34200.911959 33.804014 20.704355 
7286.195231 39.153685 14.185764 
37091.814583 97.988208 14.903599 
32728.479830 74.585712 17.956841 
32825.938468 119.883143 12.215779 
42717.713344 32.355771 15.410836 
16874.490863 45.812078 14.792552 
21374.087072 114.970977 15.496769 
39782.146953 98.605187 21.762360 
42293.838208 44.891365 14.051346 
42552.823126 110.708339 9.947722 
47822.770140 79.035372 21.297153 
6345.967309 75.029843 19.230822 
43905.060338 61.333510 19.182114 
45893.889601 102.407949 19.133446 
22044.115840 80.676331 22.640738 
26349.221737 87.568290 18.305354 
18961.492464 45.006433 16.119910 
20556.947823 92.710947 17.224033 
16390.430253 116.062138 12.858816 
3946.092334 49.757809 15.308561 
12416.886014 15.966259 14.591261 
3182.458936 45.239569 12.253785 
27621.683425 23.505146 19.004209 
17715.369192 107.207384 18.766089 
19129.444495 28.332695 20.656385 
46806.804797 93.971535 16.115126 
17444.456437 44.442942 15.293494 
6249.827507 71.823384 13.646016 
42046.025211 41.562306 16.503555 
11973.309840 94.792606 21.455655 
12756.245416 113.369419 18.054188 
26971.656267 83.310006 16.681612 
19467.602437 100.265109 20.209480 
5670.195432 46.890085 17.669676 
35795.548240 103.709598 18.407130 
31357.928134 121.574579 12.734785 
8651.852396 83.152075 25.068970 
13426.287773 113.760756 16.842466 
15717.786671 100.434697 21.158270 
6857.811159 69.287931 16.733976 
40207.010300 108.724814 18.033171 
4997.707557 104.126170 18.010856 
49789.001093 95.188806 15.427613 
30686.138234 33.992975 16.131279 
44294.228917 101.125418 18.368341 
24431.992096 61.454577 18.082640 
25309.578022 29.340914 17.702493 
39935.390544 65.906370 17.137748 
23241.631444 116.050903 16.835360 
22350.190719 117.522189 14.105391 
34332.668255 74.788663 15.323558 
34511.385550 31.518472 19.423895 
25899.631903 99.259406 15.419752 
15120.610578 52.900860 22.092778 
44375.738218 16.571709 15.764474 
8596.358308 117.150146 17.035152 
20543.045818 30.364810 18.085585 
47053.426845 63.602649 16.554503 
46096.702917 81.839842 14.651657 
28173.974106 41.548093 15.572415 
31774.853516 110.845796 19.251301 
40108.766008 70.354369 13.029293 
37417.598350 108.209634 19.149181 
41534.200817 93.022271 16.117853 
13254.684716 104.073153 17.877454 
18510.090051 104.677790 14.382601 
27064.448055 48.688348 12.949309 
25781.309042 84.141421 16.743542 
13161.747295 20.795050 19.391412 
15172.055285 19.782230 18.183075 
9111.804992 86.517633 17.095815 
37685.955952 20.726705 16.930279 
21146.574592 51.504051 17.689029 
34786.984120 99.998235 21.500759 
28005.969911 32.469757 18.038764 
12985.044315 28.069218 20.423620 
43097.855387 93.292726 12.905512 
44979.771678 24.974346 17.981760 
38960.701330 60.178678 17.812969 
43076.218854 67.264764 18.298575 
34385.295026 109.414067 20.971765 
7133.317913 63.814300 18.776771 
29818.194457 69.516821 15.651300 
49245.744763 31.194355 15.332106 
21555.275708 76.012095 17.175199 
27036.446265 25.665800 18.675610 
49138.022954 105.226808 15.934123 
20666.472870 101.073952 20.504830 
9827.539737 33.765945 17.705258 
23261.654813 71.487460 17.269463 
18995.839898 81.333281 17.286709 
31892.904280 71.952316 14.750672 
30980.329564 106.861135 19.291353 
23960.115402 105.570756 14.508129 
29718.088055 106.888749 16.312348 
8120.609456 82.312588 16.022206 
43282.932221 106.077989 19.772768 
32278.352493 110.039157 20.933368 
40556.641118 16.535655 11.571137 
28561.319578 58.205399 15.227996 
4115.457139 85.824507 15.687165 
20321.279578 84.846821 19.881800 
33677.139579 30.701969 20.715601 
2942.130392 111.427486 18.111714 
9572.031100 21.815256 16.061831 
25471.165190 43.451716 16.396022 
39882.809891 104.486403 14.484055 
24752.002391 59.733551 14.362313 
5149.850841 30.036988 16.518485 
796.181222 32.174153 21.374388 
39239.432253 113.107791 17.043143 
36715.205955 108.315750 16.396201 
5518.479326 116.604461 18.535404 
46391.372892 111.538189 16.803460 
31870.638231 21.767152 12.550839 
4941.777226 119.228518 15.615957 
39866.583975 41.585588 15.826796 
18255.050118 77.991475 18.973316 
26804.483212 44.795407 14.573784 
7915.606717 94.615142 15.634611 
42826.936001 61.847841 16.469483 
15440.817145 24.440252 17.357153 
29138.538075 118.459040 15.829129 
22175.313192 61.467170 18.672206 
18089.587224 44.922941 15.413344 
27808.455816 66.301228 18.782905 
7209.943116 74.740190 16.213964 
46958.390577 25.192421 19.795190 
29921.739687 16.871940 14.306099 
25406.332704 28.569830 22.998675 
23832.374280 20.282714 16.146301 
11574.497720 60.088889 22.133521 
24817.303458 27.935995 15.823871 
35380.079417 25.381240 19.459851 
31488.257475 53.817166 15.155403 
33260.702873 96.940222 14.958405 
4675.747477 44.521323 22.365662 
19225.402441 53.745548 17.632041 
35101.337011 61.981207 14.341816 
17231.148557 62.331018 15.663037 
28517.367200 100.886802 21.683000 
49898.588469 87.062756 22.779661 
9493.634528 117.517489 16.304863 
5102.331168 46.562861 18.730043 
31649.280304 72.115518 20.854034 
29375.737411 41.261999 19.793554 
42831.107492 103.910155 16.853329 
216.234878 60.710950 17.073607 
12622.706220 106.685319 15.829493 
19727.824240 93.530049 17.080694 
13799.683992 85.880766 18.252021 
27286.885311 102.667302 18.717890 
6241.730868 109.349185 20.453344 
43358.580012 25.297933 10.923593 
9253.805760 62.817368 17.045681 
34419.793795 120.739459 11.290563 
19577.394004 93.623512 17.991438 
19750.209244 48.279932 17.188995 
34529.943219 110.806937 21.535204 
47316.262092 62.292060 15.875467 
41397.676631 60.232346 16.746693 
5456.754946 117.134597 17.585182 
29988.515064 65.974629 18.649236 
23782.645051 18.017151 14.368571 
19382.513687 71.433793 18.671868 
10123.630430 49.435960 19.526927 
20574.838587 52.878268 19.326466 
38262.715147 42.001392 18.282920 
13649.222954 95.557058 16.053766 
32764.185471 104.552519 16.631408 
31059.611823 104.964931 21.298274 
14079.450915 82.202152 17.083459 
5133.203499 83.516885 16.430690 
13926.018623 27.127311 17.397505 
42568.981421 28.735540 11.373827 
35697.937211 41.069759 19.179929 
33299.283770 63.368655 13.306866 
11318.406959 18.104157 15.601536 
16715.385228 116.505307 18.395133 
11534.295868 12.067070 11.680863 
13967.051647 73.665292 15.748007 
14385.259612 81.022447 13.865443 
42653.227410 51.855639 20.261493 
16010.134186 22.506377 19.408345 
46916.566216 59.955080 18.096933 
4293.945984 81.297186 16.582645 
32296.496430 21.089070 15.608298 
27731.768956 63.771347 17.690328 
23511.104228 27.929246 18.288615 
462.357085 99.187688 14.634247 
22462.086015 114.679840 16.129822 
22209.713028 114.737388 19.803232 
30519.081856 106.412380 16.712350 
1902.311761 71.290886 19.355082 
31229.581472 52.217167 17.891812 
39488.187204 80.604744 15.105261 
23894.607246 72.583500 15.472513 
7964.730631 38.559902 15.091545 
36187.333480 107.062802 18.339782 
49122.435689 47.553788 16.782942 
35660.107321 90.161885 17.981112 
45531.917176 34.729833 19.348561 
3139.374077 22.245235 16.769827 
26243.722598 75.592439 17.614665 
19505.239793 45.783794 16.621009 
8080.853516 43.110772 14.640830 
1932.622479 25.532883 17.061321 
7544.089306 55.792975 14.799847 
16955.544011 43.115208 15.575249 
6191.425237 91.381032 17.662517 
37769.570450 33.249264 16.974476 
40392.047654 104.465436 17.480984 
21608.225963 80.282224 18.114969 
29292.650593 20.671115 13.789403 
11075.179594 105.040493 17.977514 
19329.308428 75.801229 14.618771 
3320.028348 29.598452 17.944649 
25373.664611 91.047869 19.471718 
10147.119061 111.888768 18.015374 
20617.172212 19.010652 17.325949 
41198.317775 37.970742 12.761123 
28781.775548 85.438725 20.578300 
8955.216664 88.674952 22.184094 
39179.350988 109.502000 20.587802 
6735.214795 100.209232 16.383509 
23450.633222 96.194888 15.777791 
21748.546719 92.806357 17.968358 
19911.462449 91.563066 20.321255 
6711.878504 46.488586 14.054668 
1691.443680 90.122753 15.362565 
3480.144199 65.486887 20.496018 
38824.132114 18.032901 17.667229 
16773.043112 74.371911 19.555510 
6283.843728 98.056627 18.951276 
26720.339944 113.674500 17.242011 
33573.275274 110.747801 20.710606 
40911.556466 78.027187 18.652893 
44544.463596 103.249762 15.987402 
12302.562721 75.935440 16.863385 
16845.593802 37.484477 14.854959 
31835.357415 80.590307 18.351941 
35477.264161 111.908339 18.542730 
17478.589025 33.739105 16.805526 
2178.035164 39.810265 17.570970 
49442.907167 30.956607 19.256214 
49089.047035 66.655851 16.097986 
32065.157960 32.962947 20.936561 
14485.840857 82.198008 19.553185 
16260.073214 103.921419 19.528720 
20691.388084 51.865172 18.308108 
45535.251336 100.833189 18.065236 
32784.764004 64.197761 20.070085 
23942.605125 62.773617 19.932362 
34898.806616 118.483574 15.644831 
18343.366505 26.506345 16.888242 
2676.244744 83.558233 23.698013 
12116.047502 105.154601 16.610292 
18200.366353 73.990867 18.045999 
29312.413579 108.196393 16.680470 
45256.167027 29.219904 16.549307 
16468.010089 107.281890 19.078961 
36128.227560 93.821448 16.129261 
22750.877951 111.736246 19.483250 
44762.749449 109.250682 20.432622 
49857.304469 102.227307 17.524463 
21153.079604 114.558992 17.270300 
24884.156673 101.710596 16.345246 
42676.819194 17.253838 15.162063 
30291.908030 61.531460 15.653223 
23105.426517 89.929447 18.029861 
2428.651747 41.669119 13.800052 
21042.564832 67.593071 15.407026 
20653.025026 46.125746 20.458603 
47571.581121 42.198513 20.599254 
7184.829667 110.166682 17.946893 
37463.582951 56.906980 12.984666 
34067.993810 97.535063 17.851698 
36893.127007 91.526680 13.382599 
40719.805545 67.130699 18.303842 
41576.866944 72.639665 14.817166 
6931.500108 49.307420 21.683262 
614.660642 57.637482 16.280015 
17023.275280 72.838231 19.242172 
37227.658676 58.959789 20.802661 
24614.359627 94.053966 17.387317 
39888.003245 67.124968 15.930740 
36367.188335 41.413570 15.225777 
10329.881884 119.460830 13.214580 
24711.468327 19.562253 16.425631 
40489.692746 100.631491 13.294187 
41943.560739 17.608155 15.591116 
494.579133 28.541255 16.928678 
45848.803194 99.134808 17.236747 
29215.293349 97.891163 15.459862 
35198.366275 115.400845 19.784794 
43554.162353 100.285213 15.002820 
44138.729311 22.526582 17.050194 
16013.276454 84.389729 17.533269 
1481.834406 91.001839 15.748586 
9434.768682 108.237074 16.635452 
3019.395997 97.077796 21.195416 
18484.955224 73.861006 14.343728 
37846.732610 52.622526 17.206531 
40081.346508 92.432181 19.638286 
24251.339677 63.706691 20.370579 
38816.087524 102.975424 24.918227 
25587.694465 89.631042 21.619993 
12746.794247 33.681779 15.455973 
45972.996243 55.982044 19.124865 
17473.238244 95.652555 12.235918 
19150.040795 65.786743 18.444789 
46705.500827 105.450401 18.645931 
9622.702626 60.370575 17.312133 
47.997145 109.505741 21.303516 
42302.208170 114.319834 16.182427 
2855.429395 41.039722 18.709241 
37413.094236 45.788158 17.675406 
19537.503688 69.563407 16.522428 
38713.434978 61.459695 15.482115 
32381.719581 80.015939 21.904418 
13755.686620 104.940752 17.551526 
46617.155293 44.215232 20.674784 
10856.594053 52.306834 10.330440 
8434.856101 117.070560 15.133128 
44106.000923 25.280425 14.538434 
48555.759448 92.292765 15.519872 
2810.101443 28.551997 18.183947 
3381.098480 118.600897 11.046953 
1976.024703 98.743192 20.384845 
3988.541458 64.738275 23.094856 
23702.904053 73.935008 14.604868 
34092.205200 45.526975 15.627115 
5936.733967 110.710713 12.216345 
24668.593431 72.926484 15.511781 
20378.163309 73.955580 13.401751 
29503.065712 46.958725 21.888424 
41200.876040 105.681081 17.671048 
46370.865503 41.716212 14.764433 
34497.962207 95.870502 11.818223 
9929.022494 74.399542 16.955531 
49070.669735 101.442315 16.845547 
45432.951692 56.719598 15.970478 
38477.209139 84.759887 19.765808 
12692.077990 42.870703 14.876351 
48010.533631 93.073444 18.094392 
14283.640563 25.755929 14.867018 
25665.237686 113.338543 20.161412 
1719.370300 14.005995 13.092256 
1059.475006 21.634613 17.883639 
32120.576601 47.029731 15.316004 
8459.892506 30.152950 17.895452 
28451.298560 46.045450 12.674868 
22545.141314 18.800544 16.435724 
26815.982328 93.611679 20.218606 
35895.733496 33.339563 19.188450 
23102.124500 39.192815 14.084811 
27825.864100 17.064151 15.369225 
25273.036499 19.124227 16.077157 
43572.208839 67.840630 15.043411 
16885.291807 110.873065 19.578236 
30216.768481 92.200626 18.778781 
46128.103660 98.560745 16.405938 
30751.467106 27.434745 15.526354 
47191.878832 108.846513 15.431496 
30761.268836 103.024612 14.273471 
8914.286901 108.314839 21.697799 
48448.533545 74.815197 17.115306 
9313.295854 105.805496 15.957569 
41115.845913 26.870869 19.068474 
37600.942842 112.973380 19.564965 
44432.256663 21.503247 17.789317 
40511.591008 63.138927 14.306730 
1192.221917 55.233185 13.045960 
45344.694641 72.324112 13.414634 
48315.578129 77.521406 19.429118 
15310.422113 115.326268 15.095241 
8833.339005 34.938989 17.665378 
32561.549441 74.637119 19.750645 
9485.695868 30.046395 16.349939 
35391.622799 83.871312 20.752677 
6138.199567 108.326706 13.306994 
40365.955999 39.793133 15.727936 
28841.598115 25.343756 17.011646 
13118.730387 14.453629 11.848984 
27034.592841 92.907756 23.543391 
13071.031037 108.109024 17.023767 
8319.670515 107.253322 18.459688 
4043.322638 82.819921 18.099236 
8393.922542 116.715460 17.345521 
17152.295654 36.524482 13.311212 
24753.533136 96.089439 13.999109 
43996.963944 58.030824 14.584128 
1119.763074 100.011500 14.241764 
37274.365145 68.509093 20.623797 
32010.724455 107.763916 21.455357 
25739.945123 90.468148 14.885006 
19627.055968 66.589024 17.755442 
21656.898629 32.827250 16.849098 
46052.837351 28.832814 18.572914 
36756.797539 107.324792 23.198531 
20228.068825 107.980669 16.434716 
6016.344469 102.235602 19.597525 
23402.717124 83.125097 19.809682 
39510.290697 110.176325 18.056764 
23556.002500 20.178607 18.983262 
46750.789271 58.695797 17.123367 
47021.829146 31.788761 20.305412 
36085.850863 24.216501 23.347751 
147.070579 111.331717 14.007670 
15385.359512 34.229311 15.438532 
10095.206282 90.950731 15.528762 
8991.902610 16.146851 13.937008 
20409.348208 58.373825 17.584500 
2617.150397 102.948321 19.879781 
26005.382801 31.944814 21.083738 
29169.918607 22.007387 13.596348 
34030.793976 43.495678 17.608696 
40198.922820 41.306855 17.837343 
27971.392127 43.021396 17.557049 
23839.988497 83.175429 18.182544 
46850.040250 43.719313 15.555557 
37941.385385 71.180812 18.257779 
5234.075975 58.284013 15.749242 
12930.951697 34.937248 20.153149 
903.445505 21.710703 16.695214 
3325.430175 85.810505 17.653183 
33401.720308 67.081542 20.625635 
35192.230149 76.555711 19.205310 
11833.639114 66.228329 13.023463 
38753.675732 67.252594 17.313680 
7881.728163 78.551696 13.124565 
1223.465944 23.005220 21.740521 
654.682024 25.934129 19.693966 
9676.931718 41.143618 17.386777 
8718.993555 45.349294 16.927532 
532.630531 119.975282 9.644390 
38606.258209 29.538804 13.888278 
39413.538848 112.799337 17.344335 
756.145225 113.061298 14.582581 
12407.839932 106.749585 17.401556 
46574.134625 63.880739 15.873689 
8551.034683 29.415469 12.592240 
24033.192569 97.077476 16.140051 
29207.201506 26.741343 19.880903 
4194.923268 91.455095 16.458486 
44503.654898 112.882432 22.136288 
42166.489871 65.640557 18.737160 
33056.149787 97.237686 18.403426 
18614.984609 41.638472 16.473957 
19778.818537 90.595771 19.722426 
18747.833060 113.707276 15.195653 
7379.876002 106.644752 14.261557 
16363.224411 103.826201 16.953564 
969.822286 86.985982 17.920328 
2584.053772 64.738802 14.621007 
44191.083299 96.691503 16.949628 
11001.756868 59.678496 17.455669 
11498.263673 112.762526 17.165934 
48759.125938 85.661408 18.688591 
13000.362201 86.821097 13.113879 
21464.876347 37.687117 19.394687 
3383.503763 36.916522 21.436458 
31601.241300 21.091003 15.508484 
29742.677981 30.520438 17.067088 
4169.714494 110.699072 14.333139 
12308.362822 119.481932 14.191205 
41115.901482 105.926419 20.305582 
12234.630208 44.528150 16.080107 
19009.411382 46.063807 14.665548 
43175.058911 114.480061 18.159981 
191.342043 19.352102 19.018225 
47494.240754 116.406323 15.526484 
35831.871172 22.941758 19.786344 
39672.202125 55.262044 21.980806 
22298.602837 95.353917 20.135324 
24388.363840 57.062167 24.669710 
38020.395911 89.976410 19.482832 
1720.776731 100.892284 9.763729 
27298.250419 58.392807 23.174026 
34557.880154 36.721499 22.638452 
38353.560526 99.004156 19.865934 
41576.151176 114.259977 18.634393 
38397.181184 116.464893 13.848386 
11238.128032 104.066902 15.643573 
44991.799799 113.821918 20.791177 
26302.185471 63.386425 13.129923 
1513.175645 79.362806 16.547403 
34963.468495 57.469500 18.024643 
17053.605087 107.446298 16.587227 
3716.867059 45.089769 20.215545 
48642.283863 103.115761 19.458280 
49333.883185 17.334348 15.560330 
36654.262079 86.670203 16.446373 
39317.155003 52.139266 10.938068 
17424.531004 71.652504 16.246974 
37897.592579 65.316572 14.575796 
39073.552600 49.247558 14.470241 
29271.100970 48.610390 21.297792 
33592.685683 46.019757 24.207631 
16623.342353 31.369073 17.575490 
43704.248061 67.403239 17.449088 
24218.746378 22.920923 19.730321 
26218.888229 113.211258 14.469119 
20366.722665 21.454467 20.460762 
35561.669994 94.410689 19.849652 
5065.438994 109.075032 17.338043 
37334.245006 60.847147 11.820395 
33523.129923 63.624858 17.539300 
8367.709447 25.497841 15.959065 
40830.727375 90.388819 15.877236 
44792.104001 72.835871 16.621519 
48341.891791 21.680361 17.534335 
40473.334340 75.386707 14.083332 
21215.743163 79.124108 12.225446 
16522.355034 51.441414 15.303914 
43459.936467 67.958856 16.960154 
10487.385721 71.065870 20.150804 
9515.932398 69.105442 14.110380 
18164.682752 99.433497 20.277527 
24568.647402 63.428692 19.859587 
37096.363282 61.780633 17.174353 
11462.398079 31.554881 17.205956 
21298.353408 87.939233 18.977248 
36251.570646 93.825653 12.333518 
30600.398410 89.925754 20.276246 
34017.305980 111.331725 17.378021 
16315.870247 56.211298 16.871921 
45812.284814 93.469391 19.024504 
44527.075284 62.122733 19.230911 
29021.460351 87.820449 14.764577 
7739.795404 70.209568 19.008522 
45374.386189 28.398062 17.329107 
12170.354922 116.143690 15.027184 
17572.053686 110.641134 18.591229 
3967.060972 103.481137 19.468489 
23631.125537 101.590395 17.970268 
24918.073985 89.225722 18.793437 
44327.950827 61.847321 19.879154 
27748.697815 26.690771 19.903888 
1365.667808 45.937140 16.345694 
45646.599912 41.060160 15.744573 
19974.179201 95.389484 17.100150 
1093.373027 49.778749 18.795859 
4212.831950 53.445742 17.679902 
9346.562235 29.040790 19.650700 
23764.308066 81.510601 18.265460 
25860.687530 49.280977 16.164499 
12935.429790 71.617670 16.517682 
10793.131689 100.061258 22.021438 
37048.407949 103.013033 13.801123 
7689.102588 112.592682 16.295825 
46541.733755 111.302651 17.234827 
41076.709135 116.246482 16.690771 
10204.189486 51.014590 18.124204 
20272.044022 52.065039 16.374758 
41428.798616 115.265993 13.293778 
3062.881628 104.230767 19.113319 
45623.173576 67.323578 16.540570 
3697.914377 98.375908 13.189092 
46701.930857 30.060714 16.071802 
2123.260339 36.954542 18.678786 
4280.857575 117.641333 16.188778 
10369.072872 50.202322 18.603391 
21069.743192 34.832229 20.064011 
27070.486205 116.906474 16.307855 
25088.734519 62.765801 15.423780 
7454.711814 112.060180 14.963023 
26616.502122 99.922549 14.271591 
17855.072036 23.410728 13.035825 
44676.407071 117.785004 16.638695 
41274.288367 69.214925 16.873943 
17623.274606 59.138059 21.270936 
450.049581 34.599891 17.358821 
37160.093452 116.913683 17.871540 
36133.849169 31.733348 19.940728 
18910.914869 67.096633 17.879849 
6410.374003 84.080415 18.788228 
23590.882307 20.393936 13.633901 
28678.508913 12.905363 12.013087 
6556.754589 93.191188 19.220129 
3794.526255 87.097673 17.776149 
36530.508258 65.509956 12.466987 
18568.323688 85.704434 17.961870 
4412.211434 54.638301 19.025558 
16054.183113 47.940518 16.489676 
34679.362557 94.092474 15.861090 
44998.478305 60.419825 11.562470 
36538.798256 100.644738 16.849278 
40969.679390 91.796239 17.763827 
37657.054417 101.071173 12.802764 
41803.939487 87.699600 18.687003 
49466.077120 117.682325 15.089600 
1545.733760 104.908396 13.288267 
10836.389547 82.931095 14.177762 
49492.638279 72.788304 11.461450 
26926.074900 51.465253 16.433463 
48175.837735 87.693497 15.597236 
43778.372797 54.158036 23.615842 
27500.737057 60.669497 20.218250 
46415.803567 77.271852 21.074417 
27096.633439 76.806858 15.326461 
19099.989684 60.316059 12.947274 
43488.493401 53.481635 13.732097 
29919.401963 97.210992 18.322175 
27119.905979 53.066305 15.670820 
41955.871582 101.251281 19.050526 
11355.851882 113.477094 15.910657 
11917.727983 97.910772 17.912148 
28932.679522 27.741549 14.677625 
13408.652661 75.809993 16.228091 
8030.908882 115.789757 17.283659 
43230.012042 47.533747 17.239594 
12654.857952 14.551942 11.456478 
37554.977849 88.132611 15.585980 
13533.169889 24.034840 16.579748 
17669.652090 86.212857 18.029694 
24830.131594 115.399651 15.362754 
41246.065574 105.743746 17.096108 
3450.696435 99.029633 18.688701 
26033.384181 115.838881 17.919663 
13813.148780 55.239260 14.752529 
10942.774949 99.468133 14.130029 
31079.757712 73.900411 13.627610 
43548.884544 46.305869 15.426283 
31538.452707 67.997175 16.927329 
23558.148255 95.320776 22.024873 
47882.199733 26.861501 19.788778 
32366.541381 45.269357 15.245720 
44116.703831 76.119194 18.060468 
28393.416268 62.421722 21.419985 
31133.620079 90.241213 15.555140 
36475.374253 83.796340 16.590202 
1557.159025 30.899075 14.449284 
7433.057538 73.815271 16.920198 
18714.848677 91.818852 20.355172 
11138.365328 114.315450 17.522686 
10885.281240 30.014339 15.226783 
12784.143506 41.974022 19.781783 
45378.619605 107.665794 13.738560 
4921.447833 37.886102 18.039193 
25244.712576 95.867213 15.920524 
48426.844041 29.932792 12.736859 
10507.309985 28.014514 18.517070 
5331.978504 99.216829 19.833898 
21091.549834 106.943376 14.203553 
36028.737585 93.215736 19.346319 
649.944071 101.343998 19.347491 
9065.296195 111.756988 17.396995 
44473.505421 66.848132 15.238103 
9775.420954 61.688715 16.401008 
3649.045745 20.179597 17.384121 
11032.917437 30.268782 20.650788 
39646.539473 29.589527 13.100157 
49618.219401 62.772916 17.149425 
16117.852713 66.387952 15.241457 
10248.220837 52.561567 19.464132 
30050.348036 47.905865 15.025792 
10449.388466 41.942894 11.699237 
44279.319988 48.612472 17.354510 
45220.303757 41.058044 14.917708 
22298.583207 34.410340 15.047367 
33879.762242 27.745575 15.364012 
35227.100515 16.891977 13.305052 
21528.966230 46.186996 18.665525 
46166.221024 110.347442 19.772138 
29912.269349 59.286344 15.363825 
21694.291653 26.596269 17.864480 
49861.027133 29.660725 17.891058 
16154.238131 24.014023 21.670960 
29462.298002 94.500920 18.480339 
34302.110615 110.771050 13.078778 
426.570756 76.722723 17.223759 
31592.066653 109.745835 16.081570 
3056.687677 55.818848 19.289092 
32233.891571 23.745419 15.199747 
28580.204679 102.065474 21.148198 
16087.536616 28.736888 19.473159 
48600.647073 74.635839 20.940056 
43325.570596 85.022435 13.086562 
32159.124212 96.986104 16.094442 
19077.101557 25.769982 16.006761 
19411.621864 42.193341 18.033332 
34236.000598 63.014981 15.856760 
43862.054205 89.054192 21.257855 
37001.427564 28.728936 19.614752 
24573.436510 111.819836 18.060182 
47644.258019 99.573928 20.662137 
21948.297461 100.475166 21.626564 
6555.082873 22.907422 17.178436 
22639.019199 49.688703 19.689584 
19614.861692 96.991596 12.032013 
34857.212482 65.463536 19.902584 
24958.560074 120.806788 13.669952 
8477.100120 98.084589 15.141952 
9895.710054 18.594703 13.732546 
9049.570509 29.076162 19.628358 
15206.504372 62.999694 12.314822 
22590.400833 33.026604 16.403742 
25467.021097 96.179562 16.709734 
38047.929954 55.859483 19.260808 
26160.933963 60.288652 17.083063 
11138.181872 81.859404 10.496018 
12851.086167 38.095389 18.540429 
43615.001787 72.299734 22.752971 
3921.065987 69.815629 12.137173 
33754.580920 109.963632 22.411104 
22261.500079 115.987159 18.439918 
17225.937029 106.873224 16.129873 
21243.554392 100.732685 12.924575 
43301.800974 20.000049 16.538341 
11858.340056 109.014302 16.114228 
6363.111414 34.590192 20.957538 
12032.180676 108.285342 12.666904 
23046.107237 90.775395 18.107885 
24965.228027 21.108527 17.840843 
25234.175068 29.351343 18.352762 
31946.497589 35.042138 12.719895 
20186.464308 62.444871 19.327511 
20302.980856 43.046647 14.045574 
18741.973891 41.979169 14.977302 
48129.911755 102.380780 21.398340 
21710.029534 65.744750 15.541729 
15025.370606 27.068869 22.278566 
16360.256962 23.724913 18.057255 
9275.515476 117.849337 16.811018 
35950.923122 41.816331 17.140189 
30078.542761 110.627563 15.953737 
22682.905253 36.142623 13.359880 
3239.544797 70.061468 20.373654 
17551.198465 35.127422 13.825147 
20934.548818 66.998433 19.414152 
7287.873488 102.110597 20.138965 
22982.501933 28.247332 18.080439 
44225.658387 82.415455 18.959862 
6498.936240 110.963611 12.842980 
49939.290810 112.228060 22.453817 
27597.984325 105.299942 22.856890 
17838.341554 108.323409 15.408141 
19304.097598 28.644807 15.554852 
16690.869568 69.279911 17.691996 
4904.165006 112.510855 22.479525 
13243.481272 14.919186 14.494896 
28442.757980 98.027424 19.032603 
22400.089954 15.979615 15.863449 
6159.243974 20.407835 18.344656 
24547.590645 29.387928 12.877338 
37690.108696 87.880591 17.180650 
8255.948148 88.986271 20.000710 
14855.321953 63.977398 16.407128 
13011.075862 115.031810 16.951385 
561.572045 115.672443 17.838224 
31424.662868 114.361029 18.461833 
45699.951417 114.285797 19.454935 
45323.111624 38.662549 15.624512 
25840.518960 118.990184 15.479158 
18792.357386 87.445882 15.480681 
27766.784430 84.560759 14.140711 
5768.963322 38.929135 16.667479 
40288.086234 77.433919 17.952800 
11951.016820 24.031117 16.187206 
4528.723745 48.150641 15.695911 
29879.856731 78.071113 17.363281 
6792.538066 56.928195 18.904860 
2693.235433 38.241370 17.538779 
23007.913793 78.757552 15.147507 
48358.637166 77.364908 16.329199 
27704.926214 33.813680 17.924833 
27701.149212 81.345417 16.793640 
42215.462705 40.218015 24.800082 
34433.523553 42.233101 17.738332 
33178.407263 23.864099 15.109971 
11268.435082 22.227713 21.077485 
13746.247994 62.354361 16.464095 
1002.920332 26.321845 16.161678 
38169.916532 92.102524 15.470321 
20003.738661 33.255467 15.648133 
25043.846853 73.445158 17.362067 
5488.985246 37.171111 19.218029 
10959.254683 35.000187 21.434373 
23658.306132 61.750899 21.672035 
47741.247362 54.479422 16.207544 
47367.420693 68.904530 18.854420 
2458.457070 38.909116 15.145466 
21585.999399 43.511478 13.801303 
39825.857335 108.238794 13.552412 
48778.957311 57.610228 9.790121 
5641.156346 95.250305 17.875159 
33986.266340 57.946030 18.048613 
49039.777129 73.901162 12.707439 
32998.074435 111.817628 12.526429 
18522.136663 47.900838 15.366602 
3277.293260 97.827929 15.762396 
26930.970875 84.423900 15.438757 
26544.876082 51.791947 21.802583 
5446.139639 32.866905 19.940294 
38491.548981 24.326308 15.064165 
30852.011882 66.145122 13.456189 
29415.948882 20.197543 19.349394 
43135.338003 99.402075 11.966671 
5057.182518 65.275222 14.658702 
2342.554983 70.104256 16.917451 
48703.464137 76.991545 19.748981 
32578.037524 35.372157 17.672810 
27961.885316 85.714379 19.012228 
2576.592957 106.986524 19.170093 
11742.746941 42.572301 17.938168 
45805.119893 27.218491 16.076379 
26073.107898 113.391325 18.207099 
26333.879456 21.953716 13.157467 
26827.160134 26.911148 13.018796 
13980.962478 105.913770 18.310396 
14740.796914 47.345853 18.740827 
25542.565202 111.041333 18.414083 
37138.478674 31.178412 18.323691 
33935.488158 58.896252 15.673983 
21363.575953 69.141595 19.191678 
45597.265654 97.380108 21.279065 
18406.222534 86.115648 19.195538 
7884.556596 31.509151 16.203747 
38434.354236 102.415743 16.112115 
49649.107871 107.987545 16.986615 
12264.180875 65.919286 18.362969 
12313.485832 45.333299 14.153870 
42378.016908 44.477181 17.653079 
24007.676163 28.862528 17.998666 
35743.484167 102.079159 14.594917 
23921.362595 92.997364 15.166526 
43989.917831 16.859699 13.945404 
36815.410385 56.956529 10.540885 
20750.785877 103.097154 17.267434 
41368.187447 85.328851 16.542045 
45342.053354 103.494075 17.074287 
28103.572392 110.608436 20.315688 
9201.296446 30.043240 16.478924 
22358.950244 28.637787 16.650864 
4029.382287 44.068374 16.635602 
840.124020 120.342328 14.653736 
40755.582822 22.878408 20.664591 
4725.183192 27.736089 20.131509 
25928.960702 46.599301 17.165241 
35728.370783 16.872210 13.175376 
10598.805640 28.813345 17.803301 
27553.030837 59.686652 16.114045 
6651.159278 39.502601 15.332050 
40546.058598 100.010527 14.379536 
39454.150008 22.774861 18.064050 
13859.270601 84.912522 15.825951 
29836.265633 101.357747 17.666826 
31819.297557 33.920019 20.631883 
6870.449675 106.921182 16.890604 
37313.273309 106.687866 18.605463 
19698.261824 28.535206 21.212753 
47780.694539 79.902875 17.655939 
23307.591337 59.972937 20.726448 
7991.983196 70.083026 17.142574 
33140.631657 51.769759 17.554117 
32408.505302 21.786823 15.620570 
10691.544409 97.347916 15.541750 
32200.753795 68.259966 16.411846 
35072.155820 25.650517 19.088115 
31199.290567 33.409234 16.497806 
31973.962201 80.107375 16.677511 
24590.429308 29.057521 16.280889 
23681.850426 28.407351 16.071982 
6483.605387 16.588812 12.862521 
1048.660870 103.004944 17.746359 
16550.130839 98.192667 19.039547 
1772.434279 103.334016 22.881584 
43657.337332 102.199722 15.573398 
22066.070996 117.785517 15.017842 
2088.296538 71.759695 16.022227 
38074.901001 31.968737 14.995026 
40253.444074 84.079967 16.259087 
41383.705576 17.971338 17.121802 
21643.123996 95.057964 19.627333 
18477.496975 107.362223 14.795903 
12166.764041 30.710210 21.285406 
37766.865793 80.453772 19.536241 
40523.088005 34.614992 15.424496 
28373.670384 102.837010 18.259558 
36627.818049 30.987670 18.245718 
8314.052249 28.105290 14.928019 
14882.548143 21.259425 19.238151 
28826.872061 113.066766 16.975095 
45443.480086 27.798477 14.768939 
49239.648214 102.118148 16.157134 
45519.001905 72.151639 14.548444 
509.664755 66.587339 22.138104 
28564.661707 21.378287 12.207155 
15598.323668 89.420046 14.706143 
49586.239718 41.534873 19.892941 
16414.927398 92.663870 19.393556 
16908.126173 64.785188 14.366826 
24161.222055 19.850324 14.459261 
1251.986557 73.308324 15.191499 
31582.766697 67.371088 12.372453 
31015.098078 79.974214 20.760965 
15516.021307 44.157399 15.078367 
38639.429835 39.662476 15.262092 
29853.780826 49.570248 18.050624 
6665.405344 111.019019 15.689083 
30495.489033 76.007097 16.287047 
4288.907863 44.716284 11.705116 
42037.820963 113.644774 20.158075 
2344.994382 17.684448 13.388942 
31396.998742 49.021145 15.164727 
372.066751 101.848796 13.837463 
22495.985952 38.127649 20.321747 
17348.601796 40.681483 19.722191 
18575.571244 36.525724 21.937803 
31741.589310 87.920547 14.736438 
2464.582232 115.998385 19.111315 
17686.091840 51.683335 15.497101 
30775.812539 74.717977 14.927411 
35193.311835 30.529255 20.974247 
41612.863677 49.109160 15.734522 
4445.770640 33.739273 16.607382 
4254.678613 33.390236 22.378238 
20156.090025 88.287461 18.701692 
20220.024026 34.101416 22.654660 
3644.466809 104.089829 19.685736 
44584.835346 114.799307 17.784949 
3835.657593 65.970954 15.548294 
34940.748460 24.947015 19.235477 
13333.274021 23.428342 17.901428 
13081.213060 65.602413 17.374583 
18970.600158 114.354076 17.500205 
30696.101989 93.981773 20.597535 
4873.256533 36.851190 14.001363 
1242.432418 111.572470 15.317234 
35521.919065 90.565964 15.226837 
12099.247471 69.199413 13.660997 
48979.897096 30.551403 19.571620 
29549.374146 51.396826 21.409387 
45170.735780 49.476068 18.262337 
25896.597473 25.501383 15.526855 
17584.822760 37.125731 15.696653 
3498.600890 21.553744 16.164001 
24467.099236 34.138609 21.956917 
28482.329518 51.305493 18.709202 
13330.274001 114.248196 13.613792 
335.807623 31.833373 16.466084 
48946.405890 112.858761 14.550431 
43725.566214 30.506938 20.502653 
23327.268613 102.050861 17.728051 
44401.883395 58.234669 14.699084 
16204.784652 78.629312 18.578420 
14418.615380 79.685457 14.565669 
46129.852387 62.620062 14.490527 
37572.045887 32.554892 17.038296 
13048.427152 39.768931 18.846145 
13203.253430 97.380472 16.837054 
28519.095399 44.176365 18.637340 
24308.189205 55.352215 18.609552 
26408.186173 90.662124 15.374340 
37277.099751 114.837266 16.474323 
12038.801488 74.302328 18.465730 
22666.717647 103.347977 17.241622 
29722.075293 68.776458 17.359179 
19613.679463 32.695698 15.024462 
31040.976756 38.757963 13.425547 
9700.913155 16.067066 15.777528 
37321.191613 25.667203 24.157039 
21213.349577 112.668929 15.212574 
3556.649025 98.007605 17.374486 
15825.028342 101.162703 14.037281 
46286.939522 79.335074 16.987903 
32447.547479 31.020866 19.281129 
8195.068974 91.044248 24.300997 
45929.292079 78.761862 15.987095 
5203.251186 87.667892 17.771235 
30364.166294 43.257715 18.399774 
43582.715230 21.730178 18.602952 
41009.818129 69.806963 22.864794 
40428.395320 35.051987 17.326458 
19693.183073 115.978911 18.486748 
14247.844316 28.710188 11.988616 
5554.772790 45.715101 19.217434 
19752.634181 114.682484 13.751644 
15028.201410 77.681527 13.676666 
21463.550607 107.949569 20.683135 
45896.583085 59.060344 18.430992 
7698.504567 19.341494 18.616946 
5364.529448 68.596091 18.874435 
21875.289218 88.525348 12.352986 
37739.288944 56.805506 16.617514 
42617.525097 63.509411 12.689958 
30448.642585 59.870361 15.593732 
30891.203374 56.797548 12.305385 
32713.714238 37.311795 14.810751 
27862.712520 21.731748 17.204241 
17915.100989 29.676576 20.999094 
44358.496023 89.559631 17.461706 
16138.407946 115.489221 16.012262 
32319.115969 89.408030 21.288519 
15425.592130 108.733867 15.579014 
35760.366596 70.478625 19.534139 
41623.834079 91.032409 17.196171 
16982.688298 82.207406 21.199468 
42255.138356 30.532834 12.606116 
45583.332562 37.254637 13.866935 
24835.580587 66.830344 13.095197 
47536.949755 17.972407 15.111763 
26705.748703 46.301456 17.954814 
2597.987375 22.673888 18.400935 
33831.976253 22.353006 14.155565 
49518.380502 34.409444 18.669565 
14813.860233 77.892993 18.163177 
14171.347749 97.574349 17.934665 
27349.427607 31.770900 14.083286 
20787.812795 92.848683 18.832621 
5859.725590 55.033308 13.469195 
41529.307210 24.835678 17.016493 
4764.706564 51.024842 15.026468 
10916.343296 55.377097 19.194768 
22575.815458 118.570311 15.639823 
45469.703996 43.698850 14.699879 
29330.055599 24.960357 15.986907 
44857.321537 24.240256 20.469832 
28028.268405 97.918466 17.950596 
16859.111506 77.829742 18.585329 
33531.531858 20.849387 16.675148 
11773.923944 66.177198 17.945579 
63.654117 35.845727 18.680392 
39594.960064 22.166532 18.596811 
44590.940549 38.597719 14.269814 
3741.078035 107.220343 19.792862 
36330.346092 33.857866 17.894798 
22826.305881 89.922874 18.661239 
41758.981460 63.785218 15.571655 
21005.326234 22.443961 15.849927 
35132.629259 111.583630 17.282047 
23675.334596 112.347822 16.657682 
36955.752201 62.907456 14.732861 
37447.476344 81.465987 12.471353 
23629.613601 20.334457 15.965843 
45549.961976 71.225999 12.619618 
40932.086378 40.236246 18.370934 
23798.253831 55.935697 13.532241 
20619.914613 108.688444 17.070512 
43796.457139 18.181436 14.116748 
10171.297029 32.028723 16.134991 
20520.432752 110.256245 16.638401 
18103.445997 73.172280 14.150517 
8747.456611 103.671511 14.989192 
18065.650466 74.230791 15.725033 
24900.408970 29.405391 17.513633 
9395.405592 89.251047 19.318131 
23055.546006 32.935549 19.768392 
48270.923775 107.165954 14.643000 
10636.125729 22.770542 18.160509 
46581.314496 24.354687 17.779137 
48837.439081 22.355900 20.815555 
32920.085894 114.302144 20.137752 
5754.670053 104.689888 19.655857 
47683.154260 67.764989 16.209623 
34348.533834 31.662988 18.032444 
20067.057166 74.485427 15.551555 
37182.515871 22.807498 14.992227 
48126.581901 32.958729 15.850447 
30214.350233 47.061885 20.908317 
26747.989435 28.425282 13.594020 
21836.123126 94.965910 21.733369 
1406.752230 16.688380 13.839892 
49948.888122 22.166134 17.648041 
18292.624837 54.225919 15.511985 
39991.696666 24.170672 20.776933 
21413.873715 17.918464 14.408441 
24062.418437 38.700318 19.601185 
535.853996 18.937249 16.096041 
9282.506010 31.714846 19.165687 
28660.261711 61.469163 16.764358 
35299.722436 77.512710 13.846540 
4901.705094 75.117328 14.620950 
49678.321003 92.593239 13.584908 
22702.597936 87.401334 19.302523 
22247.914441 30.162536 14.916020 
9528.403090 109.151661 14.698910 
23406.798517 33.022824 19.781244 
13888.481081 18.779909 16.351644 
24181.657481 47.670816 18.538924 
31892.312865 108.269211 18.467308 
30404.592942 26.253601 13.653984 
38158.845006 13.987752 11.879421 
9448.076231 55.971892 18.432362 
23883.218797 114.087893 17.957252 
46449.052839 113.361324 19.920298 
39736.815962 103.556503 20.071567 
41936.585330 54.576830 16.657869 
47858.787714 116.830980 16.289302 
47400.307895 50.314901 17.355632 
4453.389726 71.082728 16.069816 
40870.702570 112.391548 15.623479 
23737.624678 54.355757 17.739561 
43745.870974 80.648204 14.854630 
42474.780670 18.317030 18.035659 
10642.091250 76.139468 13.664370 
14638.857373 88.831319 16.859376 
4831.333622 115.435281 13.312466 
1311.744961 100.077540 15.311376 
37872.990127 111.523917 16.332778 
36798.132854 21.284148 19.896724 
10535.166994 101.976273 15.480485 
47325.042279 113.067892 18.544266 
45957.213032 113.393993 13.523482 
34943.183169 99.530468 17.200162 
33192.908623 87.572187 16.006312 
6070.716927 83.771506 19.208513 
35855.265871 81.139062 16.282975 
22780.107687 67.683298 21.936171 
40669.921315 63.754846 18.891502 
5102.968217 102.361117 17.630716 
36975.401328 106.831500 18.611451 
21363.647404 22.725885 17.678882 
17823.721610 71.662758 19.272052 
41845.586476 117.425969 14.584516 
10004.659603 106.015835 15.006909 
31174.767192 66.125227 20.171268 
43916.012882 112.312421 17.073792 
38119.521372 112.417022 16.898349 
39514.050992 33.767783 18.496787 
48666.488953 62.298336 19.094649 
43443.939888 107.174228 18.135139 
7361.425458 71.829081 13.397604 
11190.965721 65.793825 13.844219 
39917.914886 98.249479 19.623046 
43790.491797 110.518500 20.268771 
18879.338677 11.505783 10.391121 
44418.516738 113.363231 16.333229 
24728.135732 113.868813 16.116085 
48979.137029 112.270860 16.985962 
42460.207383 115.715854 18.002107 
15654.447465 119.098113 14.760941 
43969.397691 71.226491 13.700655 
4956.172866 23.829054 14.638212 
43521.092919 19.405904 17.905843 
24469.263503 74.604917 14.826658 
49969.650595 52.490532 16.383224 
33689.344811 115.573600 17.762283 
48083.614845 111.700224 16.611779 
16772.010354 38.256553 14.294000 
28642.759762 106.196924 18.886913 
34700.804432 26.693736 13.448836 
2904.982684 101.318870 16.637727 
32876.029157 20.674426 19.518276 
35560.992875 48.077916 22.334971 
8262.259980 48.296757 21.136668 
6691.775645 22.930718 14.384877 
39257.321141 81.812241 16.663861 
2887.710236 21.759241 17.598224 
46663.140027 37.813112 20.466123 
35519.563129 36.430791 14.374312 
30612.203132 44.892725 18.145341 
33444.081631 110.252330 17.895893 
18927.019177 108.147415 12.675899 
2772.775660 24.179155 16.792688 
17500.602193 68.239761 17.756190 
30465.929816 105.672236 17.894555 
1503.895328 117.851351 17.344717 
10544.258721 33.204053 17.231992 
31813.068492 114.638200 17.640077 
24000.004352 90.833549 13.187989 
18823.952309 70.848565 19.613397 
30643.142333 86.957514 15.625151 
31983.496094 42.362009 21.661928 
23369.003102 36.352326 17.563184 
47584.176283 75.866343 11.936397 
34134.109037 116.946568 9.953179 
33332.124412 46.733161 16.759116 
45386.526643 72.619158 18.979207 
27469.626081 99.066833 17.732464 
10722.575617 58.283316 14.615313 
1623.272451 25.723134 15.364387 
12362.191050 24.977093 17.192158 
14944.067768 36.453970 12.715052 
7499.398425 108.977118 21.540864 
17637.459438 106.546672 17.505877 
15326.647640 19.689548 16.949289 
11310.280127 92.778941 21.814859 
2715.393899 99.696341 18.363334 
25074.055090 99.907096 18.985943 
12643.863541 80.861246 16.795883 
31324.864267 116.940949 16.369884 
36708.567763 48.341628 18.451768 
39381.187291 74.185427 17.637409 
44711.779359 118.526834 16.050534 
49729.223670 29.139723 15.729069 
15346.088633 113.655423 13.722272 
865.613316 75.093061 13.306768 
43855.666301 50.196462 15.187779 
582.988064 78.008353 18.739905 
17943.212130 80.234668 19.337370 
7830.378838 23.759345 20.661877 
24075.856482 113.209226 15.396169 
31907.884843 46.551737 14.217342 
1799.252233 32.079111 18.210310 
3281.605513 62.385532 13.569894 
4316.670709 115.889959 18.637384 
13617.595529 76.106209 19.052823 
15747.812180 65.687113 16.485098 
2172.014372 83.138582 12.118572 
39752.945639 17.764556 14.147930 
14567.823731 26.785392 18.793066 
19051.439950 56.810507 13.528570 
46181.265787 70.336272 14.792471 
46896.725392 23.992085 20.261560 
3521.456552 55.455612 18.676738 
31450.047916 58.017059 17.377222 
38939.621411 109.893932 18.085414 
26114.327822 78.387683 17.661667 
27995.774243 115.906702 16.006282 
45565.539971 118.828089 16.576580 
18365.360101 109.823946 15.840167 
18053.571189 38.093648 16.071050 
36395.810008 111.599027 15.174417 
10339.231524 22.829208 18.203639 
8083.702960 93.593153 16.750474 
27212.904277 56.694527 18.451502 
10966.209613 120.281327 15.062435 
7827.851861 114.562193 16.586735 
26495.253846 108.740401 18.340302 
28600.241886 51.844569 10.557599 
45082.601659 28.136349 18.840753 
34283.927011 29.379619 17.386667 
17394.223201 19.579862 18.581041 
32027.167054 56.705831 19.769331 
3898.873441 44.750140 18.536087 
1643.792438 74.254179 18.301514 
31710.375531 41.938765 17.935399 
13798.262089 25.481929 14.899031 
7955.526601 111.073433 21.241998 
17739.139969 68.945047 17.735930 
3254.704046 21.850664 17.190703 
25964.134690 32.740121 17.841598 
8582.959877 44.575276 16.398403 
35082.123425 112.109097 17.039034 
32546.308351 30.156805 14.224292 
34998.463358 99.234590 13.371276 
21204.472804 16.970240 13.001460 
15973.011288 45.643308 17.804444 
34843.067126 19.881418 19.626034 
17329.840207 94.838974 16.463871 
17926.540079 109.137527 13.291971 
44252.452402 27.808127 14.676856 
35619.740488 29.736107 16.383400 
39290.809699 106.955262 18.282095 
5593.052231 19.136999 16.287329 
5948.985536 34.731362 16.951736 
13484.528401 88.786035 19.346896 
3793.824623 31.873200 20.316956 
49379.726862 72.796693 21.358983 
2869.649178 114.744147 16.852920 
20107.755340 26.423762 17.460571 
13177.129963 66.280029 17.313353 
34470.905326 114.757812 14.983077 
15030.203483 112.458827 11.922487 
28035.719432 53.979513 18.627832 
8998.395880 56.950156 19.307509 
49652.605324 45.799538 19.781526 
1686.542912 13.032733 11.692739 
45640.532241 104.498890 19.294182 
33263.548254 28.698987 15.392182 
46530.739295 26.736482 18.070548 
20178.517317 26.761249 12.206937 
39706.287634 21.626634 15.999049 
48381.957836 27.707506 19.913847 
28127.681921 65.825317 17.577674 
36460.798275 49.002065 18.535680 
17264.363888 66.042337 14.280397 
9741.373838 65.979229 14.762207 
20740.422981 58.187251 13.996533 
15787.005180 62.184834 14.710385 
26456.783065 52.846045 21.894704 
42704.237241 103.181600 16.785651 
19291.072312 115.436600 12.199251 
38677.549963 71.035260 16.535823 
2964.683438 80.422819 19.771911 
2775.460451 62.569254 16.047661 
11278.005219 116.791559 15.999447 
45144.840531 98.937090 15.219962 
21944.231381 53.549062 17.980279 
26239.468294 41.943029 15.272251 
5050.654032 28.291370 19.450597 
45772.383290 67.873197 21.277266 
11186.699114 28.222400 17.549797 
44242.763687 118.055021 17.211822 
6830.936816 115.252791 16.370733 
23803.814203 97.272505 17.863774 
13541.229594 68.025631 16.867474 
10607.866962 77.092415 17.038090 
6466.147201 116.104124 18.276302 
8791.164798 23.945930 16.845857 
2563.718565 19.255545 14.443861 
31501.230159 98.901687 22.095352 
11327.568909 57.219345 15.106152 
21438.537920 66.307666 18.601102 
16598.397119 71.762402 15.918931 
41038.590062 32.410040 15.657652 
19870.203569 26.852751 14.491214 
9359.203432 72.472541 17.213522 
38905.182179 86.849497 13.314285 
30255.295305 115.877587 15.857466 
29550.308740 115.359969 11.058574 
33479.185049 27.812944 13.926973 
9219.568279 89.384214 16.727867 
16457.461175 32.909359 19.186366 
12202.494569 109.209909 14.909913 
22907.670450 19.868271 17.671116 
29630.166300 52.110696 16.294842 
32478.429247 119.881091 11.041135 
25195.349790 100.300203 18.536601 
43244.660832 116.037666 17.158828 
31150.442875 23.111574 17.563324 
11413.482155 112.658690 16.472312 
48002.824073 49.842518 13.830740 
309.347018 55.323021 14.146317 
11536.482612 114.704999 15.656238 
44549.748179 28.625142 19.073910 
44926.836457 19.858805 16.195295 
40831.937870 57.200305 15.810101 
14995.663425 56.191477 14.582171 
44837.459828 58.857147 18.032210 
43586.922151 112.619000 14.408085 
37928.295319 31.536077 15.390641 
34778.696236 56.347723 21.603889 
40695.015639 98.946535 17.992099 
11116.370744 30.601166 15.681318 
44802.984935 35.127615 18.157980 
1440.229662 110.485903 17.279248 
3410.039176 102.725910 19.549272 
18295.987570 25.177047 13.628163 
45115.761317 16.320087 15.508830 
13174.187023 117.687558 14.478336 
15312.854892 68.104477 16.793637 
21559.753358 24.970606 15.594470 
42534.461987 17.915468 16.601215 
2947.971358 20.438853 15.174990 
4414.051762 112.817532 11.375743 
21865.794722 20.801333 18.507869 
20926.348874 113.997663 14.271290 
12592.985022 25.844913 17.226590 
4678.388383 82.253253 15.258552 
8013.642201 22.286666 17.570474 
43321.317984 115.297504 14.310953 
43365.970060 106.588381 14.282223 
25788.755619 23.513401 23.034339 
35309.658698 108.831136 16.836734 
44163.757976 78.784972 14.155918 
10663.381672 110.885006 13.766782 
19919.245705 17.546663 14.804742 
6975.634122 30.654535 19.523727 
37469.088783 94.349667 12.295446 
41855.832606 26.766893 15.174419 
9176.809107 56.115669 17.090675 
23736.764753 104.469329 15.550435 
7664.966402 27.662518 15.683809 
31294.774684 21.500924 17.465214 
49587.551222 91.206255 11.124148 
9132.668873 121.660810 13.417163 
16820.632118 61.604449 13.942742 
28293.216352 61.304380 16.923061 
30027.024324 86.410095 20.166923 
16674.832049 117.141050 17.629569 
18665.057950 101.166186 16.108521 
16844.789410 119.123489 12.218701 
44466.131166 33.228325 13.954721 
30431.240297 91.375369 11.757549 
42550.929441 73.922546 19.007921 
42634.650761 108.661563 14.245985 
41982.120420 26.876651 13.309570 
47530.605958 68.100712 17.313035 
39205.544358 74.852767 15.753539 
39991.521575 117.407251 15.109202 
45834.241007 60.925911 17.335452 
28875.688451 56.475674 21.752119 
26093.583071 34.373957 16.226202 
7476.492270 30.430645 19.242507 
37362.355786 19.669353 16.942222 
8218.113505 47.918520 18.420309 
13430.881355 35.474313 20.100959 
24718.279501 54.522066 15.753130 
46253.601515 24.946374 18.315278 
36537.992701 30.825245 19.863748 
18382.481506 38.547748 15.288707 
35144.330219 28.877256 15.614237 
2097.323336 111.501501 14.737852 
48683.928722 110.674485 17.304744 
26376.785436 110.936470 17.571224 
9936.058169 28.471239 17.572603 
34747.301596 24.128370 16.797254 
43258.194432 25.604652 16.841840 
20945.947548 22.832752 16.516050 
29003.996550 34.509883 16.794105 
33088.936133 75.237937 15.244085 
14051.623335 59.893130 13.618985 
11575.369093 111.315038 18.654430 
49202.343755 22.110732 18.663737 
